-59 51317 11
-58 48781 11
-57 51641 11
-56 49462 11
-55 52560 12
-54 50926 11
-53 49595 11
-52 47184 10
-51 46655 10
-50 51624 11
-49 51611 11
-48 51205 11
-47 52584 12
-46 48205 11
-45 47858 10
-44 49221 11
-43 49353 11
-42 49853 11
-41 49637 11
-40 29991 6
-39 48455 11
-38 52213 11
-37 28947 6
-36 46845 10
-35 49556 11
-34 28696 6
-33 26288 6
-32 23770 5
-31 23874 5
-30 23600 5
-29 24315 5
-28 28011 6
-27 24094 5
-26 25374 5
-25 37991 8
-24 24920 5
-23 25095 5
-22 25682 5
-21 24358 5
-20 25967 5
-19 44116 10
-18 48881 11
-17 49987 11
-16 48737 11
-15 50227 11
-14 49414 11
-13 49446 11
-12 50852 11
-11 34184 7
-10 24488 5
-9 24351 5
-8 23649 5
-7 24287 5
-6 25161 5
-5 24663 5
-4 29422 6
-3 50591 11
-2 50067 11
-1 48165 11
0 50367 11
